MYR/USD
2.5079
2.7747
3.4786
3.9684
3.8534
4.0549
3.8000
3.8000
3.8000
3.8000
3.8000
3.8000
3.8000
3.8000
3.8000
3.8000
3.8000
3.8000
3.8000
3.8000
3.8000
3.8000
3.8000
3.8000
3.8000
3.8000
3.8000
3.8000
3.8000
3.8000
3.8000
3.8000
3.8000
3.7715
3.7766
3.7256
3.6479
3.6720
3.6250
3.4986
3.4283
3.4665
3.3578
3.2257
3.2120
3.3369
3.5551
3.6273
3.5511
3.5220
3.4018
3.3668
3.2410
3.1578
3.1146
3.0470
3.0188
3.0209
3.1523
3.0603
3.1153
3.1247
3.0575
3.0811
3.0703
3.2384
3.2092
3.2980
3.2354
3.1934
3.3665
3.6217
3.6621
4.0493
4.2856
4.1954
4.0133
4.0514
4.3250
